# relative_time, cycles_done, cur_item, corpus_count, pending_total, pending_favs, map_size, saved_crashes, saved_hangs, max_depth, execs_per_sec, total_execs, edges_found, total_crashes, servers_count
61, 0, 110, 241, 239, 14, 21.62%, 0, 1, 3, 33.74, 27815, 978, 0, 0
66, 0, 110, 247, 245, 14, 21.62%, 0, 1, 3, 51.10, 28068, 978, 0, 0
71, 0, 110, 250, 248, 14, 21.62%, 0, 2, 3, 12.50, 28257, 978, 0, 0
77, 0, 110, 253, 251, 14, 21.62%, 0, 2, 3, 58.83, 28490, 978, 0, 0
82, 0, 110, 257, 255, 14, 21.62%, 0, 2, 3, 52.19, 28741, 978, 0, 0
87, 0, 110, 260, 258, 14, 21.62%, 0, 2, 3, 50.46, 28951, 978, 0, 0
93, 0, 110, 262, 260, 14, 21.62%, 0, 2, 3, 53.43, 29219, 978, 0, 0
98, 0, 110, 265, 263, 14, 21.62%, 0, 2, 3, 51.18, 29439, 978, 0, 0
103, 0, 110, 267, 265, 14, 21.62%, 0, 3, 3, 5.68, 29716, 978, 0, 0
108, 0, 110, 268, 266, 14, 21.62%, 0, 3, 3, 64.23, 30010, 978, 0, 0
113, 0, 110, 268, 266, 14, 21.62%, 0, 4, 3, 41.64, 30237, 978, 0, 0
119, 0, 110, 271, 269, 14, 21.62%, 0, 4, 3, 54.24, 30523, 978, 0, 0
124, 0, 110, 271, 269, 14, 21.62%, 0, 4, 3, 55.88, 30782, 978, 0, 0
129, 0, 110, 273, 271, 14, 21.62%, 0, 4, 3, 59.29, 31049, 978, 0, 0
134, 0, 110, 274, 272, 14, 21.62%, 0, 4, 3, 64.17, 31345, 978, 0, 0
139, 0, 110, 275, 273, 14, 21.62%, 0, 4, 3, 52.59, 31625, 978, 0, 0
144, 0, 110, 276, 274, 14, 21.62%, 0, 4, 3, 44.86, 31825, 978, 0, 0
149, 0, 110, 276, 274, 14, 21.62%, 0, 4, 3, 61.94, 32160, 978, 0, 0
154, 0, 110, 278, 276, 14, 21.62%, 0, 4, 3, 57.24, 32413, 978, 0, 0
160, 0, 110, 279, 277, 14, 21.62%, 0, 4, 3, 62.19, 32724, 978, 0, 0
165, 0, 110, 283, 281, 14, 21.62%, 0, 4, 3, 62.15, 33002, 978, 0, 0
170, 0, 110, 283, 281, 14, 21.62%, 0, 4, 3, 46.66, 33227, 978, 0, 0
175, 0, 110, 284, 282, 14, 21.62%, 0, 4, 3, 53.71, 33510, 978, 0, 0
180, 0, 110, 285, 283, 14, 21.62%, 0, 4, 3, 56.89, 33782, 978, 0, 0
185, 0, 110, 285, 283, 14, 21.62%, 0, 4, 3, 48.46, 34023, 978, 0, 0
190, 0, 110, 286, 284, 14, 21.62%, 0, 4, 3, 59.88, 34324, 978, 0, 0
195, 0, 174, 288, 284, 12, 21.62%, 0, 4, 3, 90.43, 34735, 978, 0, 0
201, 0, 174, 294, 290, 12, 21.62%, 0, 4, 3, 31.85, 35445, 978, 0, 0
206, 0, 174, 296, 292, 12, 21.62%, 0, 4, 3, 102.80, 36038, 978, 0, 0
211, 0, 174, 297, 293, 12, 21.62%, 0, 4, 3, 154.36, 36871, 978, 0, 0
216, 0, 174, 300, 296, 12, 21.62%, 0, 4, 3, 172.04, 37753, 978, 0, 0
221, 0, 174, 300, 296, 12, 21.62%, 0, 4, 3, 179.67, 38591, 978, 0, 0
226, 0, 174, 300, 296, 12, 21.62%, 0, 4, 3, 159.52, 39374, 978, 0, 0
231, 0, 91, 304, 295, 7, 21.62%, 0, 4, 3, 262.40, 40779, 978, 0, 0
235, 0, 247, 304, 289, 3, 21.62%, 0, 4, 3, 0.00, 41535, 978, 0, 0
